A 450 800 450 900 50 0
A 10 10 20 20 10 0
A 100 100 100 1000 200 1
A 100 1000 100 100 100 1
A 1400 100 1600 100 100 2
A 1500 100 1500 1000 100 6
A 1500 1000 1500 100 100 6
A 450 800 450 900 50 0
A 10 10 20 20 10 0
A 100 100 100 1000 200 1
A 100 1000 100 100 100 5
A 1400 100 1600 100 100 5
A 1500 100 1500 1000 100 8
A 1500 1000 1500 100 100 8
A 450 800 450 900 50 10
A 10 10 20 20 10 6
A 100 100 100 1000 200 10
A 100 1000 100 100 100 10
A 1400 100 1600 100 100 5
A 1500 100 1500 1000 100 7
A 1500 1000 1500 100 100 6
A 450 800 450 900 50 9
A 10 10 20 20 10 8
A 100 100 100 1000 200 4
A 100 1000 100 100 100 6
A 1400 100 1600 100 100 12
A 1500 100 1500 1000 100 6
A 1500 1000 1500 100 100 6
A 450 800 450 900 50 0
A 10 10 20 20 10 0
A 100 100 100 1000 200 1
A 100 1000 100 100 100 1
A 1400 100 1600 100 100 2
A 1500 100 1500 1000 100 6
A 1500 1000 1500 100 100 6
A 450 800 450 900 50 0
A 10 10 20 20 10 0
A 100 100 100 1000 200 1
A 100 1000 100 100 100 1
A 1400 100 1600 100 100 2
A 1500 100 1500 1000 100 6
A 1500 1000 1500 100 100 6
A 450 800 450 900 50 0
A 10 10 20 20 10 0
A 100 100 100 1000 200 1
A 100 1000 100 100 100 1
A 1400 100 1600 100 100 2
A 1500 100 1500 1000 100 6
A 1500 1000 1500 100 100 6
A 450 800 450 900 50 0
A 10 10 20 20 10 0
A 100 100 100 1000 200 1
A 100 1000 100 100 100 1
A 1400 100 1600 100 100 2
A 1500 100 1500 1000 100 6
A 1500 1000 1500 100 100 6
A 1000 1000 500 500 500 6
T 850 500 19
T 450 900 25
